PartcipantID:dsafd
block;trial;answer;correct;timeSpent;randomYes(1=Left:No/Right:Yes);instanceNumber;xyCoordinates;error
1;1;2;0;10;0;35;(2.5,6)(0.5,5)(7.5,5.5)(7.5,1)(7,3)(2,0.5);
1;2;0;0;3.004599;1;23;(0.5,6)(7.5,5)(0.5,3.5)(7,1)(0.5,1)(2.5,6);
1;3;2;0;10;0;30;(0.5,4.5)(6.5,2)(6.5,4.5)(1.5,0.5)(3,6)(4.5,0.5);
1;4;2;0;10;1;17;(8,2.5)(5.5,6)(5,0.5)(2,6)(8,6)(1,1.5);
1;5;0;1;3.001241;1;5;(0,5)(8,5.5)(1.5,3.5)(7,1)(1,0.5)(5,6);
1;6;0;0;3.005917;0;54;(5.5,6)(7.5,4)(2,1)(0,5)(2,6)(6.5,0.5);
1;7;2;0;10;0;53;(8,1.5)(6.5,4.5)(0.5,3.5)(3.5,5.5)(0,0.5)(0.5,6);
1;8;2;0;10;1;14;(5,0.5)(0.5,5)(7,6)(0,3)(7.5,3)(7.5,0.5);
