PartcipantID:Final Try
block;trial;answer;correct;timeSpent;randomYes(1=Left:No/Right:Yes);instanceNumber;xyCoordinates;error
1;1;2;0;25;1;53;(2.5,0.5)(6.5,1.5)(0,3.5)(6.5,4)(3.5,6)(1,6);
1;2;0;1;2.00552;0;16;(0.5,3)(7,1)(8,5.5)(4.5,6)(1,6)(3.5,0.5);
1;3;0;1;2.008286;1;5;(7.5,5.5)(7.5,1)(0.5,2)(0.5,5)(5,6)(2.5,6);
1;4;0;0;2.01671;0;50;(1.5,4.5)(3.5,0.5)(7,3.5)(0,1)(4.5,6)(6,1);
1;5;0;1;2.008325;1;29;(2,1.5)(7.5,5.5)(4.5,5.5)(1.5,5)(8,1.5)(0,2.5);
1;6;1;0;2.002163;0;31;(6.5,6)(8,4)(2.5,6)(1,2)(7.5,1)(4,0.5);
1;7;1;1;2.011477;0;23;(7,2)(5.5,6)(0.5,2)(0,5)(8,5)(2,5.5);
1;8;2;0;25;1;9;(0.5,3.5)(7,1)(7,4)(1,1)(4,6)(1.5,6);
