PartcipantID:hades
block;trial;answer;correct;timeSpent;randomYes(1=Left:No/Right:Yes);instanceNumber;xyCoordinates;error
1;1;2;0;28;1;35;(8,5)(0.5,5)(6.5,2)(1,2.5)(4.5,6)(3.5,0.5);
1;2;2;0;28;1;23;(8,3.5)(6.5,1)(0.5,5.5)(1,2)(3.5,6)(3.5,0.5);
1;3;2;0;28;1;30;(0,2.5)(6.5,5.5)(7,3)(1.5,5.5)(5.5,0.5)(2,0.5);
1;4;1;0;2.013253;0;17;(1.5,2)(4,6)(0,5.5)(6.5,6)(7.5,0.5)(3.5,0.5);
1;5;2;0;28;1;5;(7.5,0.5)(7,5.5)(2,0.5)(8,3)(1.5,3)(4.5,0.5);
1;6;1;1;2.009018;0;54;(7,1.5)(0,1)(4.5,0.5)(6.5,4)(1,5)(5.5,6);
1;7;2;0;28;0;53;(7,4.5)(8,0)(1,1)(6,0.5)(0.5,3.5)(8,2);
1;8;2;0;28;0;14;(8,5)(8,1.5)(0,5)(1.5,3)(4,0.5)(0,0.5);
